              precision    recall  f1-score   support

          A0       0.58      1.00      0.73        18
          A1       0.21      0.83      0.33        65
          A2       0.25      0.01      0.02        86
          A3       0.11      0.05      0.07       100
          B1       0.51      0.33      0.40       113
         B10       0.26      0.15      0.19        33
         B11       0.23      0.12      0.16        40
         B12       0.30      0.70      0.42        43
         B13       0.27      0.10      0.14        41
          B2       0.69      0.47      0.56        91
          B3       0.53      0.42      0.47        73
          B4       0.45      0.62      0.52        76
          B5       0.40      0.27      0.32        62
          B6       0.18      0.14      0.16        51
          B7       0.47      0.59      0.52        64
          B8       0.49      0.72      0.58        46
          B9       0.12      0.06      0.08        36

    accuracy                           0.36      1038
   macro avg       0.36      0.39      0.34      1038
weighted avg       0.37      0.36      0.33      1038
